5045025000006810300020427   50     000204                                                           
5045025000006834700020118          000204                                                           
5045025000006850500020427  250     000204                                                           
5045025000000821600020102          000204                                                           
5045025000000822100020102          000204                                                           
5045025000000822300020102          000204                                                           
5045025000000822500020311          000203                                                           
5045025000000822500020418          000204                                                           
5045025000000822700020418          000204                                                           
5045025000000823500020102          000204                                                           
5045025000000824600020214          000202                                                           
5045025000000824600020308          000203                                                           
5045025000000824600020411  100     000204                                                           
5045025000000824700020411  100     000204                                                           
5045025000000824800020102          000204                                                           
5045025000000824900020418          000204                                                           
5045025000000831600020302  300     000203                                                           
5045025000000831600020402          000204                                                           
5045025000000831900020311  400     000203                                                           
5045025000000831900020418          000204                                                           
5045025000000832400020405          000204                                                           
5045025000000833000020418          000204                                                           
5045025000000833200020102          000204                                                           
5045025000000833300020411  100     000204                                                           
5045025000000834400020411  150     000204                                                           
5045025000000834600020411  100     000204                                                           
5045025000000834800020411  425     000204                                                           
5045025000000836200020418          000204                                                           
5045025000000842000020102          000204                                                           
5045025000000851000020311          000203                                                           
5045025000000851000020418          000204                                                           
5045025000000851900020402  200     000204                                                           
5045025000000852300020418          000204                                                           
5045025000000852700020102          000204                                                           
5045025000000853000020418          000204                                                           
5045025000000880600020102          000204                                                           
