5145025000006891700020418          000204                                                           
5145025000000892200020418          000204                                                           
5145025000000893200020418          000204                                                           
5145025000000893500020305          000203                                                           
5145025000000893800020114          000201                                                           
5145025000000894100020411          000204                                                           
5145025000000894800020111  100     000201                                                           
5145025000000894800020211          000202                                                           
5145025000000895300020121          000204                                                           
5145025000000895900020202          000202                                                           
5145025000000896400020405          000204                                                           
5145025000000896600020102          000201                                                           
5145025000000896600020302          000204                                                           
5145025000000898300020102          000204                                                           
5145025000000898400020418          000204                                                           
5145025000000898500020117  200     000201                                                           
5145025000000898600020118          000201                                                           
5145025000000898800020105          000202                                                           
