51520260000008932091 0004                   83                                  52993000            
51520260000008932246 0001                              40000                    52993000            
51520260000008932303 0002                  100                                  52993000            
51520260000008932303 0004                  200                                  52993000            
51520260000008933086 0002                  483                                  52993000            
51520260000008933086 0003                  467                                  52993000            
51520260000008933086 0004                  400                                  52993000            
51520260000008934730 0002                  500                                  52993000            
51520260000008934730 0003                  500                                  52993000            
51520260000008936730 0004                 1400                                  52993000            
51520260000008936730 0002                 1400                                  52993000            
51520260000008936730 0003                 1400                                  52993000

51520260000008932091 0004                   83                                  69000100            
51520260000008932246 0001                              40000                    10223802            
51520260000008932303 0002                  100                                  69050601            
51520260000008932303 0004                  200                                  69050601            
51520260000008933086 0003                  467                                  69000600            
51520260000008933086 0004                  400                                  69000600            
51520260000008933086 0002                  483                                  69000600            
51520260000008934730 0002                  500                                  69050601            
51520260000008934730 0003                  500                                  69050601            
51520260000008936730 0002                 1400                                  10223802            
51520260000008936730 0003                 1400                                  10223802            
51520260000008936730 0004                 1400                                  10223802
